[PPattern]
Threshold=0.5
Angle=180
[APattern]
Threshold=0.5
Angle=180
[PTrain]
CenterX=1068.82746454322
CenterY=903.849622722963
SideXLength=281.57475035375
SideYLength=220.042911802823
Rotation=0.852783750427748
[PSearch]
CenterX=777.627772420444
CenterY=600.192864030858
SideXLength=1132.53867801225
SideYLength=1175.7810387066
Rotation=1.56814028617056
[ATrain]
CenterX=800
CenterY=598.649951783992
SideXLength=908.77531340405
SideYLength=910.318225650916
Rotation=0
[ASearch]
CenterX=799.199614271938
CenterY=599.392478302796
SideXLength=1354.73481195757
SideYLength=1174.21407907425
Rotation=0
[Train]
Point=True
Angle=True
